1725144665667 0.0 5433
1725144665677 0.0 5433
1725144925911 1.0 10867
1725144925924 1.0 10867
1725145344290 2.0 16301
1725145344301 2.0 16301
1725145921365 3.0 21735
1725145921376 3.0 21735
1725146656508 4.0 27169
1725146656518 4.0 27169
1725147547313 5.0 32603
1725147547329 5.0 32603
1725148608389 6.0 38037
1725148608409 6.0 38037
1725149833572 7.0 43471
1725149833590 7.0 43471
1725151225488 8.0 48905
1725151225510 8.0 48905
1725152790067 9.0 54339
1725152790089 9.0 54339
1725154521350 10.0 59773
1725154521375 10.0 59773
1725156419386 11.0 65207
1725156419413 11.0 65207
1725158483238 12.0 70641
1725158483267 12.0 70641
1725160707126 13.0 76075
1725160707154 13.0 76075
1725163084776 14.0 81509
1725163084808 14.0 81509
1725165615957 15.0 86943
1725165615988 15.0 86943
1725168321189 16.0 92377
1725168321222 16.0 92377
1725171196555 17.0 97811
1725171196593 17.0 97811
1725174250534 18.0 103245
1725174250570 18.0 103245
1725177488123 19.0 108679
1725177488163 19.0 108679
1725180879238 20.0 114113
1725180879281 20.0 114113
1725180890238 21.0 114114
