1725144665677 0.6988194584846497 5433
1725144925924 0.6641600728034973 10867
1725145344301 0.6531049609184265 16301
1725145921376 0.6469325423240662 21735
1725146656518 0.6417858004570007 27169
1725147547329 0.6370067000389099 32603
1725148608409 0.6370764374732971 38037
1725149833590 0.6341875195503235 43471
1725151225510 0.6318749785423279 48905
1725152790089 0.6291097402572632 54339
1725154521375 0.6272444725036621 59773
1725156419413 0.6268488168716431 65207
1725158483267 0.6254565715789795 70641
1725160707154 0.6252135634422302 76075
1725163084808 0.6219081878662109 81509
1725165615988 0.625176727771759 86943
1725168321222 0.6188370585441589 92377
1725171196593 0.6193988919258118 97811
1725174250570 0.6197324991226196 103245
1725177488163 0.6181914806365967 108679
1725180879281 0.6189659833908081 114113
