1725144665677 0.7568911910057068 5433
1725144925924 0.7627803087234497 10867
1725145344301 0.7662769556045532 16301
1725145921376 0.7605718970298767 21735
1725146656518 0.7631886005401611 27169
1725147547329 0.7572592496871948 32603
1725148608409 0.7679734826087952 38037
1725149833590 0.7532105445861816 43471
1725151225510 0.7589156031608582 48905
1725152790089 0.7629643082618713 54339
1725154521375 0.7578516602516174 59773
1725156419413 0.7627803087234497 65207
1725158483267 0.7603878378868103 70641
1725160707154 0.756931483745575 76075
1725163084808 0.7550508975982666 81509
1725165615988 0.7585474848747253 86943
1725168321222 0.7585474848747253 92377
1725171196593 0.7548668384552002 97811
1725174250570 0.7561550736427307 103245
1725177488163 0.7585474848747253 108679
1725180879281 0.7602038383483887 114113
