1725144665677 0.021719513460993767 5433
1725144925924 0.0217252429574728 10867
1725145344301 0.02172594703733921 16301
1725145921376 0.021723978221416473 21735
1725146656518 0.02172822691500187 27169
1725147547329 0.021718155592679977 32603
1725148608409 0.021728023886680603 38037
1725149833590 0.021720046177506447 43471
1725151225510 0.02172124572098255 48905
1725152790089 0.021725712344050407 54339
1725154521375 0.02172548696398735 59773
1725156419413 0.02172517590224743 65207
1725158483267 0.02172274701297283 70641
1725160707154 0.021723559126257896 76075
1725163084808 0.02172388695180416 81509
1725165615988 0.02172550931572914 86943
1725168321222 0.021724293008446693 92377
1725171196593 0.021723004058003426 97811
1725174250570 0.021720562130212784 103245
1725177488163 0.021721521392464638 108679
1725180879281 0.02172301523387432 114113
