1725144665677 0.3784455955028534 5433
1725144925924 0.38139015436172485 10867
1725145344301 0.3831384778022766 16301
1725145921376 0.38028594851493835 21735
1725146656518 0.38159430027008057 27169
1725147547329 0.3786296248435974 32603
1725148608409 0.3839867413043976 38037
1725149833590 0.3766052722930908 43471
1725151225510 0.3794578015804291 48905
1725152790089 0.38148215413093567 54339
1725154521375 0.3789258301258087 59773
1725156419413 0.38139015436172485 65207
1725158483267 0.38019391894340515 70641
1725160707154 0.3784657418727875 76075
1725163084808 0.3775254487991333 81509
1725165615988 0.37927374243736267 86943
1725168321222 0.37927374243736267 92377
1725171196593 0.3774334192276001 97811
1725174250570 0.37807753682136536 103245
1725177488163 0.37927374243736267 108679
1725180879281 0.38010191917419434 114113
