1725144665677 0.011065038852393627 5433
1725144925924 0.011065038852393627 10867
1725145344301 0.011065038852393627 16301
1725145921376 0.011065038852393627 21735
1725146656518 0.011065038852393627 27169
1725147547329 0.011065038852393627 32603
1725148608409 0.011065038852393627 38037
1725149833590 0.011065038852393627 43471
1725151225510 0.011065038852393627 48905
1725152790089 0.011065038852393627 54339
1725154521375 0.011065038852393627 59773
1725156419413 0.011065038852393627 65207
1725158483267 0.011065038852393627 70641
1725160707154 0.011065038852393627 76075
1725163084808 0.011065038852393627 81509
1725165615988 0.011065038852393627 86943
1725168321222 0.011065038852393627 92377
1725171196593 0.011065038852393627 97811
1725174250570 0.011065038852393627 103245
1725177488163 0.011065038852393627 108679
1725180879281 0.011065038852393627 114113
